100001.jpg 0 142 1635 353 2 1601 359 2132 433 3 1552 507 2160 581 2 1541 1815 1723 1912 1 696 97 1090 183 0
100002.jpg 1552 513 2143 575 2 1635 364 1864 427 3 1632 381 2063 430 3 683 99 1125 187 0
100003.jpg 94 85 816 165 0 1521 327 2277 447 3 1412 3241 1692 3304 1 108 1103 353 1218 2 402 1106 625 1215 2 402 1106 625 1215 4
100004.jpg 1752 632 2389 732 3 146 1076 418 1176 2 1486 2841 1721 2910 1 899 136 1651 232 0
100005.jpg 683 98 1083 166 0 1621 371 2033 422 3 1553 521 2155 578 2 1538 2040 1737 2139 1
100006.jpg 903 153 1651 224 0 1477 2848 1738 2910 1 1743 627 2387 710 3 171 1080 433 1180 2
100007.jpg 685 117 1074 163 0 1623 375 2036 428 3 1553 515 2131 575 2 1542 1228 1722 1329 1
100008.jpg 695 115 1067 166 0 1553 1290 1718 1381 1 1552 517 2111 571 2 1623 365 2035 419 3
100009.jpg 1732 411 2442 480 0 1622 1238 2131 1305 2 1336 3106 1959 3150 4 1333 3145 1961 3184 1
100010.jpg 181 782 1013 904 0 1562 1274 1945 1327 3 1634 1333 1976 1387 2 1552 2856 1861 3002 1
100011.jpg 1868 771 2271 819 0 1458 768 1648 852 2 1467 866 1678 944 3 246 2699 640 2745 4 1808 2539 1989 2597 1
100012.jpg 683 110 1050 174 0 1558 521 2137 568 2 1617 371 2043 430 3 1555 1437 1710 1563 1
100013.jpg 890 134 1626 225 0 154 1084 398 1187 2 1754 634 2376 727 3 1478 2841 1712 2895 1
100014.jpg 696 120 1045 176 0 1563 519 2122 573 2 1637 371 2026 427 3 1555 1706 1708 1832 1
100015.jpg 1842 764 2244 813 0 1448 760 1611 842 2 1454 861 1658 934 3 1793 1948 1952 2001 1 245 2109 612 2164 4
100016.jpg 691 107 1058 169 0 1632 368 2038 423 3 1565 521 2105 561 2 1548 2443 1708 2537 1
100017.jpg 693 117 1063 176 0 1639 361 2028 423 3 1565 516 2107 563 2 1550 2701 1706 2805 1
100018.jpg 696 125 1050 169 0 1628 371 2027 422 3 1565 524 2123 564 2
100019.jpg 757 176 1129 230 0 1680 423 2062 469 3 1607 563 2156 612 2
100020.jpg 895 142 1626 216 0 1760 649 2364 716 3 163 1079 405 1191 2 1484 2847 1707 2902 1
100021.jpg 1387 46 2106 115 0 1557 902 2091 968 2 1855 1704 2042 1785 1 1244 3067 1830 3109 4 1242 3015 1823 3062 2
100022.jpg 233 379 1292 483 0 1915 523 2536 595 3 1921 609 2788 664 2 2294 3650 2475 3736 1
100023.jpg 466 169 1099 240 0 1609 935 2348 977 2 1607 1112 2348 1154 3
100024.jpg 344 336 662 403 0
100025.jpg 1375 43 2106 112 0 1215 3067 1810 3116 4 1244 3020 1825 3057 2
100026.jpg 732 167 1103 233 0 1651 419 2035 476 3 1577 557 2136 607 2 1575 1457 1719 1543 1
100027.jpg 606 174 988 233 0 1528 408 1924 452 3 1454 543 2020 595 2 1459 1603 1641 1704 1
100028.jpg 757 166 1121 221 0 1673 413 2060 464 3 1592 558 2151 610 2 1582 1189 1742 1290 1
100029.jpg 710 166 1070 225 0 1626 405 2015 462 3 1515 548 2099 605 2 1542 1199 1703 1287 1
100030.jpg 718 172 1084 221 0 1639 422 2024 469 3 1539 553 2117 604 2 1542 1712 1703 1799 1
